 JEDN =          54  ICCGG =          -1  IMUMPS =           1  NWK =
         846
 MAXA = 
          1          2          4          7         10         14         19         25         32         36         41         47         54         62         71         75         80         89         99        118        138        159        160        172        185        194        199        218        238        249        261        264        272        294        317        330        344        359        363        368        380        393        423        454        486        503        521        547        574        611        649        688        740        793        847
ROW / COL         1
          1
ROW / COL         2
          2          1
ROW / COL         3
          3          2          1
ROW / COL         4
          4          3          2
ROW / COL         5
          5          4          3          2
ROW / COL         6
          6          5          4          3          2
ROW / COL         7
          7          6          5          4          3          2
ROW / COL         8
          8          7          6          5          4          3          2
ROW / COL         9
          9          8          7          6
ROW / COL        10
         10          9          8          7          6
ROW / COL        11
         11         10          9          8          7          6
ROW / COL        12
         12         11         10          9          8          7          6
ROW / COL        13
         13         12         11         10          9          8          7          6
ROW / COL        14
         14         13         12         11         10          9          8          7          6
ROW / COL        15
         15         14         13         12
ROW / COL        16
         16         15         14         13         12
ROW / COL        17
         17         16         15         14         13         12          3          2          1
ROW / COL        18
         18         17         16         15         14         13         12          3          2          1
ROW / COL        19
         19         18         17         16         15         14         13         12         11         10          9          8          7          6          5          4          3          2          1
ROW / COL        20
         20         19         18         17         16         15         14         13         12         11         10          9          8          7          6          5          4          3          2          1
ROW / COL        21
         21         20         19         18         17         16         15         14         13         12         11         10          9          8          7          6          5          4          3          2          1
ROW / COL        22
         22
ROW / COL        23
         23         22         21         20         19          8          7          6          5          4          3          2
ROW / COL        24
         24         23         22         21         20         19          8          7          6          5          4          3          2
ROW / COL        25
         25         21         20         19         18         17          3          2          1
ROW / COL        26
         26         25         24         23         22
ROW / COL        27
         27         26         25         24         23         22         21         20         19         18         17          8          7          6          5          4          3          2          1
ROW / COL        28
         28         27         26         25         24         23         22         21         20         19         18         17          8          7          6          5          4          3          2          1
ROW / COL        29
         29         21         20         19         18         17         16         15         14         13         12
ROW / COL        30
         30         29         21         20         19         18         17         16         15         14         13         12
ROW / COL        31
         31         30         29
ROW / COL        32
         32         31         30         29         28         27         26         25
ROW / COL        33
         33         32         31         30         29         28         27         26         25         21         20         19         18         17         16         15         14         13         12          3          2          1
ROW / COL        34
         34         33         32         31         30         29         28         27         26         25         21         20         19         18         17         16         15         14         13         12          3          2          1
ROW / COL        35
         35         21         20         19         14         13         12         11         10          9          8          7          6
ROW / COL        36
         36         35         21         20         19         14         13         12         11         10          9          8          7          6
ROW / COL        37
         37         36         35         21         20         19         14         13         12         11         10          9          8          7          6
ROW / COL        38
         38         37         36         35
ROW / COL        39
         39         38         37         36         35
ROW / COL        40
         40         39         38         37         36         35         34         33         32         31         30         29
ROW / COL        41
         41         40         39         38         37         36         35         34         33         32         31         30         29
ROW / COL        42
         42         41         40         39         38         37         36         35         34         33         32         31         30         29         21         20         19         18         17         16         15         14         13         12         11         10          9          8          7          6
ROW / COL        43
         43         42         41         40         39         38         37         36         35         34         33         32         31         30         29         21         20         19         18         17         16         15         14         13         12         11         10          9          8          7          6
ROW / COL        44
         44         43         42         41         40         39         38         37         36         35         34         33         32         31         30         29         21         20         19         18         17         16         15         14         13         12         11         10          9          8          7          6
ROW / COL        45
         45         44         43         42         41         40         39         38         37         36         35         28         27         26         24         23         22
ROW / COL        46
         46         45         44         43         42         41         40         39         38         37         36         35         28         27         26         24         23         22
ROW / COL        47
         47         46         45         44         43         42         41         40         39         38         37         36         35         34         33         32         31         30         29         28         27         26         25         24         23         22
ROW / COL        48
         48         47         46         45         44         43         42         41         40         39         38         37         36         35         34         33         32         31         30         29         28         27         26         25         24         23         22
ROW / COL        49
         49         48         47         46         45         44         43         42         41         40         39         38         37         36         35         28         27         26         24         23         22         21         20         19         14         13         12         11         10          9          8          7          6          5          4          3          2
ROW / COL        50
         50         49         48         47         46         45         44         43         42         41         40         39         38         37         36         35         28         27         26         24         23         22         21         20         19         14         13         12         11         10          9          8          7          6          5          4          3          2
ROW / COL        51
         51         50         49         48         47         46         45         44         43         42         41         40         39         38         37         36         35         28         27         26         24         23         22         21         20         19         14         13         12         11         10          9          8          7          6          5          4          3          2
ROW / COL        52
         52         51         50         49         48         47         46         45         44         43         42         41         40         39         38         37         36         35         34         33         32         31         30         29         28         27         26         25         24         23         22         21         20         19         18         17         16         15         14         13         12         11         10          9          8          7          6          5          4          3          2          1
ROW / COL        53
         53         52         51         50         49         48         47         46         45         44         43         42         41         40         39         38         37         36         35         34         33         32         31         30         29         28         27         26         25         24         23         22         21         20         19         18         17         16         15         14         13         12         11         10          9          8          7          6          5          4          3          2          1
ROW / COL        54
         54         53         52         51         50         49         48         47         46         45         44         43         42         41         40         39         38         37         36         35         34         33         32         31         30         29         28         27         26         25         24         23         22         21         20         19         18         17         16         15         14         13         12         11         10          9          8          7          6          5          4          3          2          1
