    -1
    55
  Untitled                                                                      
NODE N, COORDINATES X,Y,Z AND FORCES FX,FY,FZ,MX,MY,MZ
DATE AND TIME
EMPTY
LOAD CASE         :         1
         1         4         3         4         2         6
         2         1         1         1
  2.66424E-09
 2101  4.60000E+00  7.10000E+00  6.00000E+00  0.00000E+00  2.66424E-09  0.00000E+00  0.00000E+00  0.00000E+00  0.00000E+00
 2102  4.70000E+00  7.10000E+00  6.00000E+00  0.00000E+00  2.66424E-09  0.00000E+00  0.00000E+00  0.00000E+00  0.00000E+00
 2103  4.80000E+00  7.10000E+00  6.00000E+00  0.00000E+00  2.66424E-09  0.00000E+00  0.00000E+00  0.00000E+00  0.00000E+00
 2104  4.90000E+00  7.10000E+00  6.00000E+00  0.00000E+00  2.66424E-09  0.00000E+00  0.00000E+00  0.00000E+00  0.00000E+00
 2105  5.00000E+00  7.10000E+00  6.00000E+00  0.00000E+00  2.66424E-09  0.00000E+00  0.00000E+00  0.00000E+00  0.00000E+00
 2293  4.60000E+00  7.20000E+00  6.00000E+00  0.00000E+00  2.66424E-09  0.00000E+00  0.00000E+00  0.00000E+00  0.00000E+00
 2294  4.70000E+00  7.20000E+00  6.00000E+00  0.00000E+00  2.66424E-09  0.00000E+00  0.00000E+00  0.00000E+00  0.00000E+00
 2295  4.80000E+00  7.20000E+00  6.00000E+00  0.00000E+00  2.66424E-09  0.00000E+00  0.00000E+00  0.00000E+00  0.00000E+00
 2296  4.90000E+00  7.20000E+00  6.00000E+00  0.00000E+00  2.66424E-09  0.00000E+00  0.00000E+00  0.00000E+00  0.00000E+00
 2297  5.00000E+00  7.20000E+00  6.00000E+00  0.00000E+00  2.66424E-09  0.00000E+00  0.00000E+00  0.00000E+00  0.00000E+00
 2491  4.60000E+00  7.30000E+00  6.00000E+00  0.00000E+00  2.66424E-09  0.00000E+00  0.00000E+00  0.00000E+00  0.00000E+00
 2492  4.70000E+00  7.30000E+00  6.00000E+00  0.00000E+00  2.66424E-09  0.00000E+00  0.00000E+00  0.00000E+00  0.00000E+00
 2493  4.80000E+00  7.30000E+00  6.00000E+00  0.00000E+00  2.66424E-09  0.00000E+00  0.00000E+00  0.00000E+00  0.00000E+00
 2494  4.90000E+00  7.30000E+00  6.00000E+00  0.00000E+00  2.66424E-09  0.00000E+00  0.00000E+00  0.00000E+00  0.00000E+00
 2495  5.00000E+00  7.30000E+00  6.00000E+00  0.00000E+00  2.66424E-09  0.00000E+00  0.00000E+00  0.00000E+00  0.00000E+00
 2714  4.60000E+00  7.40000E+00  6.00000E+00  0.00000E+00  2.66424E-09  0.00000E+00  0.00000E+00  0.00000E+00  0.00000E+00
 2715  4.70000E+00  7.40000E+00  6.00000E+00  0.00000E+00  2.66424E-09  0.00000E+00  0.00000E+00  0.00000E+00  0.00000E+00
 2716  4.80000E+00  7.40000E+00  6.00000E+00  0.00000E+00  2.66424E-09  0.00000E+00  0.00000E+00  0.00000E+00  0.00000E+00
 2717  4.90000E+00  7.40000E+00  6.00000E+00  0.00000E+00  2.66424E-09  0.00000E+00  0.00000E+00  0.00000E+00  0.00000E+00
 2718  5.00000E+00  7.40000E+00  6.00000E+00  0.00000E+00  2.66424E-09  0.00000E+00  0.00000E+00  0.00000E+00  0.00000E+00
 3053  4.60000E+00  7.50000E+00  6.00000E+00  0.00000E+00  2.66424E-09  0.00000E+00  0.00000E+00  0.00000E+00  0.00000E+00
 3054  4.70000E+00  7.50000E+00  6.00000E+00  0.00000E+00  2.66424E-09  0.00000E+00  0.00000E+00  0.00000E+00  0.00000E+00
 3055  4.80000E+00  7.50000E+00  6.00000E+00  0.00000E+00  2.66424E-09  0.00000E+00  0.00000E+00  0.00000E+00  0.00000E+00
 3056  4.90000E+00  7.50000E+00  6.00000E+00  0.00000E+00  2.66424E-09  0.00000E+00  0.00000E+00  0.00000E+00  0.00000E+00
 3057  5.00000E+00  7.50000E+00  6.00000E+00  0.00000E+00  2.66424E-09  0.00000E+00  0.00000E+00  0.00000E+00  0.00000E+00
 3163  4.60000E+00  7.60000E+00  6.00000E+00  0.00000E+00  2.66424E-09  0.00000E+00  0.00000E+00  0.00000E+00  0.00000E+00
 3164  4.70000E+00  7.60000E+00  6.00000E+00  0.00000E+00  2.66424E-09  0.00000E+00  0.00000E+00  0.00000E+00  0.00000E+00
 3165  4.80000E+00  7.60000E+00  6.00000E+00  0.00000E+00  2.66424E-09  0.00000E+00  0.00000E+00  0.00000E+00  0.00000E+00
 3166  4.90000E+00  7.60000E+00  6.00000E+00  0.00000E+00  2.66424E-09  0.00000E+00  0.00000E+00  0.00000E+00  0.00000E+00
 3167  5.00000E+00  7.60000E+00  6.00000E+00  0.00000E+00  2.66424E-09  0.00000E+00  0.00000E+00  0.00000E+00  0.00000E+00
 3377  4.60000E+00  7.70000E+00  6.00000E+00  0.00000E+00  2.66424E-09  0.00000E+00  0.00000E+00  0.00000E+00  0.00000E+00
 3378  4.70000E+00  7.70000E+00  6.00000E+00  0.00000E+00  2.66424E-09  0.00000E+00  0.00000E+00  0.00000E+00  0.00000E+00
 3379  4.80000E+00  7.70000E+00  6.00000E+00  0.00000E+00  2.66424E-09  0.00000E+00  0.00000E+00  0.00000E+00  0.00000E+00
 3380  4.90000E+00  7.70000E+00  6.00000E+00  0.00000E+00  2.66424E-09  0.00000E+00  0.00000E+00  0.00000E+00  0.00000E+00
 3381  5.00000E+00  7.70000E+00  6.00000E+00  0.00000E+00  2.66424E-09  0.00000E+00  0.00000E+00  0.00000E+00  0.00000E+00
 3583  4.60000E+00  7.80000E+00  6.00000E+00  0.00000E+00  2.66424E-09  0.00000E+00  0.00000E+00  0.00000E+00  0.00000E+00
 3584  4.70000E+00  7.80000E+00  6.00000E+00  0.00000E+00  2.66424E-09  0.00000E+00  0.00000E+00  0.00000E+00  0.00000E+00
 3585  4.80000E+00  7.80000E+00  6.00000E+00  0.00000E+00  2.66424E-09  0.00000E+00  0.00000E+00  0.00000E+00  0.00000E+00
 3586  4.90000E+00  7.80000E+00  6.00000E+00  0.00000E+00  2.66424E-09  0.00000E+00  0.00000E+00  0.00000E+00  0.00000E+00
 3587  5.00000E+00  7.80000E+00  6.00000E+00  0.00000E+00  2.66424E-09  0.00000E+00  0.00000E+00  0.00000E+00  0.00000E+00
 3760  4.60000E+00  7.90000E+00  6.00000E+00  0.00000E+00  2.66424E-09  0.00000E+00  0.00000E+00  0.00000E+00  0.00000E+00
 3761  4.70000E+00  7.90000E+00  6.00000E+00  0.00000E+00  2.66424E-09  0.00000E+00  0.00000E+00  0.00000E+00  0.00000E+00
 3762  4.80000E+00  7.90000E+00  6.00000E+00  0.00000E+00  2.66424E-09  0.00000E+00  0.00000E+00  0.00000E+00  0.00000E+00
 3763  4.90000E+00  7.90000E+00  6.00000E+00  0.00000E+00  2.66424E-09  0.00000E+00  0.00000E+00  0.00000E+00  0.00000E+00
 3764  5.00000E+00  7.90000E+00  6.00000E+00  0.00000E+00  2.66424E-09  0.00000E+00  0.00000E+00  0.00000E+00  0.00000E+00
    -1
    -1
    55
  Untitled                                                                      
NODE N, COORDINATES X,Y,Z AND FORCES FX,FY,FZ,MX,MY,MZ
DATE AND TIME
EMPTY
LOAD CASE         :         2
         1         4         3         4         2         6
         2         1         2         2
  5.36269E-09
 2101  4.60000E+00  7.10000E+00  6.00000E+00  0.00000E+00  5.36269E-09  0.00000E+00  0.00000E+00  0.00000E+00  0.00000E+00
 2102  4.70000E+00  7.10000E+00  6.00000E+00  0.00000E+00  5.36269E-09  0.00000E+00  0.00000E+00  0.00000E+00  0.00000E+00
 2103  4.80000E+00  7.10000E+00  6.00000E+00  0.00000E+00  5.36269E-09  0.00000E+00  0.00000E+00  0.00000E+00  0.00000E+00
 2104  4.90000E+00  7.10000E+00  6.00000E+00  0.00000E+00  5.36269E-09  0.00000E+00  0.00000E+00  0.00000E+00  0.00000E+00
 2105  5.00000E+00  7.10000E+00  6.00000E+00  0.00000E+00  5.36269E-09  0.00000E+00  0.00000E+00  0.00000E+00  0.00000E+00
 2293  4.60000E+00  7.20000E+00  6.00000E+00  0.00000E+00  5.36269E-09  0.00000E+00  0.00000E+00  0.00000E+00  0.00000E+00
 2294  4.70000E+00  7.20000E+00  6.00000E+00  0.00000E+00  5.36269E-09  0.00000E+00  0.00000E+00  0.00000E+00  0.00000E+00
 2295  4.80000E+00  7.20000E+00  6.00000E+00  0.00000E+00  5.36269E-09  0.00000E+00  0.00000E+00  0.00000E+00  0.00000E+00
 2296  4.90000E+00  7.20000E+00  6.00000E+00  0.00000E+00  5.36269E-09  0.00000E+00  0.00000E+00  0.00000E+00  0.00000E+00
 2297  5.00000E+00  7.20000E+00  6.00000E+00  0.00000E+00  5.36269E-09  0.00000E+00  0.00000E+00  0.00000E+00  0.00000E+00
 2491  4.60000E+00  7.30000E+00  6.00000E+00  0.00000E+00  5.36269E-09  0.00000E+00  0.00000E+00  0.00000E+00  0.00000E+00
 2492  4.70000E+00  7.30000E+00  6.00000E+00  0.00000E+00  5.36269E-09  0.00000E+00  0.00000E+00  0.00000E+00  0.00000E+00
 2493  4.80000E+00  7.30000E+00  6.00000E+00  0.00000E+00  5.36269E-09  0.00000E+00  0.00000E+00  0.00000E+00  0.00000E+00
 2494  4.90000E+00  7.30000E+00  6.00000E+00  0.00000E+00  5.36269E-09  0.00000E+00  0.00000E+00  0.00000E+00  0.00000E+00
 2495  5.00000E+00  7.30000E+00  6.00000E+00  0.00000E+00  5.36269E-09  0.00000E+00  0.00000E+00  0.00000E+00  0.00000E+00
 2714  4.60000E+00  7.40000E+00  6.00000E+00  0.00000E+00  5.36269E-09  0.00000E+00  0.00000E+00  0.00000E+00  0.00000E+00
 2715  4.70000E+00  7.40000E+00  6.00000E+00  0.00000E+00  5.36269E-09  0.00000E+00  0.00000E+00  0.00000E+00  0.00000E+00
 2716  4.80000E+00  7.40000E+00  6.00000E+00  0.00000E+00  5.36269E-09  0.00000E+00  0.00000E+00  0.00000E+00  0.00000E+00
 2717  4.90000E+00  7.40000E+00  6.00000E+00  0.00000E+00  5.36269E-09  0.00000E+00  0.00000E+00  0.00000E+00  0.00000E+00
 2718  5.00000E+00  7.40000E+00  6.00000E+00  0.00000E+00  5.36269E-09  0.00000E+00  0.00000E+00  0.00000E+00  0.00000E+00
 3053  4.60000E+00  7.50000E+00  6.00000E+00  0.00000E+00  5.36269E-09  0.00000E+00  0.00000E+00  0.00000E+00  0.00000E+00
 3054  4.70000E+00  7.50000E+00  6.00000E+00  0.00000E+00  5.36269E-09  0.00000E+00  0.00000E+00  0.00000E+00  0.00000E+00
 3055  4.80000E+00  7.50000E+00  6.00000E+00  0.00000E+00  5.36269E-09  0.00000E+00  0.00000E+00  0.00000E+00  0.00000E+00
 3056  4.90000E+00  7.50000E+00  6.00000E+00  0.00000E+00  5.36269E-09  0.00000E+00  0.00000E+00  0.00000E+00  0.00000E+00
 3057  5.00000E+00  7.50000E+00  6.00000E+00  0.00000E+00  5.36269E-09  0.00000E+00  0.00000E+00  0.00000E+00  0.00000E+00
 3163  4.60000E+00  7.60000E+00  6.00000E+00  0.00000E+00  5.36269E-09  0.00000E+00  0.00000E+00  0.00000E+00  0.00000E+00
 3164  4.70000E+00  7.60000E+00  6.00000E+00  0.00000E+00  5.36269E-09  0.00000E+00  0.00000E+00  0.00000E+00  0.00000E+00
 3165  4.80000E+00  7.60000E+00  6.00000E+00  0.00000E+00  5.36269E-09  0.00000E+00  0.00000E+00  0.00000E+00  0.00000E+00
 3166  4.90000E+00  7.60000E+00  6.00000E+00  0.00000E+00  5.36269E-09  0.00000E+00  0.00000E+00  0.00000E+00  0.00000E+00
 3167  5.00000E+00  7.60000E+00  6.00000E+00  0.00000E+00  5.36269E-09  0.00000E+00  0.00000E+00  0.00000E+00  0.00000E+00
 3377  4.60000E+00  7.70000E+00  6.00000E+00  0.00000E+00  5.36269E-09  0.00000E+00  0.00000E+00  0.00000E+00  0.00000E+00
 3378  4.70000E+00  7.70000E+00  6.00000E+00  0.00000E+00  5.36269E-09  0.00000E+00  0.00000E+00  0.00000E+00  0.00000E+00
 3379  4.80000E+00  7.70000E+00  6.00000E+00  0.00000E+00  5.36269E-09  0.00000E+00  0.00000E+00  0.00000E+00  0.00000E+00
 3380  4.90000E+00  7.70000E+00  6.00000E+00  0.00000E+00  5.36269E-09  0.00000E+00  0.00000E+00  0.00000E+00  0.00000E+00
 3381  5.00000E+00  7.70000E+00  6.00000E+00  0.00000E+00  5.36269E-09  0.00000E+00  0.00000E+00  0.00000E+00  0.00000E+00
 3583  4.60000E+00  7.80000E+00  6.00000E+00  0.00000E+00  5.36269E-09  0.00000E+00  0.00000E+00  0.00000E+00  0.00000E+00
 3584  4.70000E+00  7.80000E+00  6.00000E+00  0.00000E+00  5.36269E-09  0.00000E+00  0.00000E+00  0.00000E+00  0.00000E+00
 3585  4.80000E+00  7.80000E+00  6.00000E+00  0.00000E+00  5.36269E-09  0.00000E+00  0.00000E+00  0.00000E+00  0.00000E+00
 3586  4.90000E+00  7.80000E+00  6.00000E+00  0.00000E+00  5.36269E-09  0.00000E+00  0.00000E+00  0.00000E+00  0.00000E+00
 3587  5.00000E+00  7.80000E+00  6.00000E+00  0.00000E+00  5.36269E-09  0.00000E+00  0.00000E+00  0.00000E+00  0.00000E+00
 3760  4.60000E+00  7.90000E+00  6.00000E+00  0.00000E+00  5.36269E-09  0.00000E+00  0.00000E+00  0.00000E+00  0.00000E+00
 3761  4.70000E+00  7.90000E+00  6.00000E+00  0.00000E+00  5.36269E-09  0.00000E+00  0.00000E+00  0.00000E+00  0.00000E+00
 3762  4.80000E+00  7.90000E+00  6.00000E+00  0.00000E+00  5.36269E-09  0.00000E+00  0.00000E+00  0.00000E+00  0.00000E+00
 3763  4.90000E+00  7.90000E+00  6.00000E+00  0.00000E+00  5.36269E-09  0.00000E+00  0.00000E+00  0.00000E+00  0.00000E+00
 3764  5.00000E+00  7.90000E+00  6.00000E+00  0.00000E+00  5.36269E-09  0.00000E+00  0.00000E+00  0.00000E+00  0.00000E+00
    -1
    -1
    55
  Untitled                                                                      
NODE N, COORDINATES X,Y,Z AND FORCES FX,FY,FZ,MX,MY,MZ
DATE AND TIME
EMPTY
LOAD CASE         :         3
         1         4         3         4         2         6
         2         1         3         3
  8.13415E-09
 2101  4.60000E+00  7.10000E+00  6.00000E+00  0.00000E+00  8.13415E-09  0.00000E+00  0.00000E+00  0.00000E+00  0.00000E+00
 2102  4.70000E+00  7.10000E+00  6.00000E+00  0.00000E+00  8.13415E-09  0.00000E+00  0.00000E+00  0.00000E+00  0.00000E+00
 2103  4.80000E+00  7.10000E+00  6.00000E+00  0.00000E+00  8.13415E-09  0.00000E+00  0.00000E+00  0.00000E+00  0.00000E+00
 2104  4.90000E+00  7.10000E+00  6.00000E+00  0.00000E+00  8.13415E-09  0.00000E+00  0.00000E+00  0.00000E+00  0.00000E+00
 2105  5.00000E+00  7.10000E+00  6.00000E+00  0.00000E+00  8.13415E-09  0.00000E+00  0.00000E+00  0.00000E+00  0.00000E+00
 2293  4.60000E+00  7.20000E+00  6.00000E+00  0.00000E+00  8.13415E-09  0.00000E+00  0.00000E+00  0.00000E+00  0.00000E+00
 2294  4.70000E+00  7.20000E+00  6.00000E+00  0.00000E+00  8.13415E-09  0.00000E+00  0.00000E+00  0.00000E+00  0.00000E+00
 2295  4.80000E+00  7.20000E+00  6.00000E+00  0.00000E+00  8.13415E-09  0.00000E+00  0.00000E+00  0.00000E+00  0.00000E+00
 2296  4.90000E+00  7.20000E+00  6.00000E+00  0.00000E+00  8.13415E-09  0.00000E+00  0.00000E+00  0.00000E+00  0.00000E+00
 2297  5.00000E+00  7.20000E+00  6.00000E+00  0.00000E+00  8.13415E-09  0.00000E+00  0.00000E+00  0.00000E+00  0.00000E+00
 2491  4.60000E+00  7.30000E+00  6.00000E+00  0.00000E+00  8.13415E-09  0.00000E+00  0.00000E+00  0.00000E+00  0.00000E+00
 2492  4.70000E+00  7.30000E+00  6.00000E+00  0.00000E+00  8.13415E-09  0.00000E+00  0.00000E+00  0.00000E+00  0.00000E+00
 2493  4.80000E+00  7.30000E+00  6.00000E+00  0.00000E+00  8.13415E-09  0.00000E+00  0.00000E+00  0.00000E+00  0.00000E+00
 2494  4.90000E+00  7.30000E+00  6.00000E+00  0.00000E+00  8.13415E-09  0.00000E+00  0.00000E+00  0.00000E+00  0.00000E+00
 2495  5.00000E+00  7.30000E+00  6.00000E+00  0.00000E+00  8.13415E-09  0.00000E+00  0.00000E+00  0.00000E+00  0.00000E+00
 2714  4.60000E+00  7.40000E+00  6.00000E+00  0.00000E+00  8.13415E-09  0.00000E+00  0.00000E+00  0.00000E+00  0.00000E+00
 2715  4.70000E+00  7.40000E+00  6.00000E+00  0.00000E+00  8.13415E-09  0.00000E+00  0.00000E+00  0.00000E+00  0.00000E+00
 2716  4.80000E+00  7.40000E+00  6.00000E+00  0.00000E+00  8.13415E-09  0.00000E+00  0.00000E+00  0.00000E+00  0.00000E+00
 2717  4.90000E+00  7.40000E+00  6.00000E+00  0.00000E+00  8.13415E-09  0.00000E+00  0.00000E+00  0.00000E+00  0.00000E+00
 2718  5.00000E+00  7.40000E+00  6.00000E+00  0.00000E+00  8.13415E-09  0.00000E+00  0.00000E+00  0.00000E+00  0.00000E+00
 3053  4.60000E+00  7.50000E+00  6.00000E+00  0.00000E+00  8.13415E-09  0.00000E+00  0.00000E+00  0.00000E+00  0.00000E+00
 3054  4.70000E+00  7.50000E+00  6.00000E+00  0.00000E+00  8.13415E-09  0.00000E+00  0.00000E+00  0.00000E+00  0.00000E+00
 3055  4.80000E+00  7.50000E+00  6.00000E+00  0.00000E+00  8.13415E-09  0.00000E+00  0.00000E+00  0.00000E+00  0.00000E+00
 3056  4.90000E+00  7.50000E+00  6.00000E+00  0.00000E+00  8.13415E-09  0.00000E+00  0.00000E+00  0.00000E+00  0.00000E+00
 3057  5.00000E+00  7.50000E+00  6.00000E+00  0.00000E+00  8.13415E-09  0.00000E+00  0.00000E+00  0.00000E+00  0.00000E+00
 3163  4.60000E+00  7.60000E+00  6.00000E+00  0.00000E+00  8.13415E-09  0.00000E+00  0.00000E+00  0.00000E+00  0.00000E+00
 3164  4.70000E+00  7.60000E+00  6.00000E+00  0.00000E+00  8.13415E-09  0.00000E+00  0.00000E+00  0.00000E+00  0.00000E+00
 3165  4.80000E+00  7.60000E+00  6.00000E+00  0.00000E+00  8.13415E-09  0.00000E+00  0.00000E+00  0.00000E+00  0.00000E+00
 3166  4.90000E+00  7.60000E+00  6.00000E+00  0.00000E+00  8.13415E-09  0.00000E+00  0.00000E+00  0.00000E+00  0.00000E+00
 3167  5.00000E+00  7.60000E+00  6.00000E+00  0.00000E+00  8.13415E-09  0.00000E+00  0.00000E+00  0.00000E+00  0.00000E+00
 3377  4.60000E+00  7.70000E+00  6.00000E+00  0.00000E+00  8.13415E-09  0.00000E+00  0.00000E+00  0.00000E+00  0.00000E+00
 3378  4.70000E+00  7.70000E+00  6.00000E+00  0.00000E+00  8.13415E-09  0.00000E+00  0.00000E+00  0.00000E+00  0.00000E+00
 3379  4.80000E+00  7.70000E+00  6.00000E+00  0.00000E+00  8.13415E-09  0.00000E+00  0.00000E+00  0.00000E+00  0.00000E+00
 3380  4.90000E+00  7.70000E+00  6.00000E+00  0.00000E+00  8.13415E-09  0.00000E+00  0.00000E+00  0.00000E+00  0.00000E+00
 3381  5.00000E+00  7.70000E+00  6.00000E+00  0.00000E+00  8.13415E-09  0.00000E+00  0.00000E+00  0.00000E+00  0.00000E+00
 3583  4.60000E+00  7.80000E+00  6.00000E+00  0.00000E+00  8.13415E-09  0.00000E+00  0.00000E+00  0.00000E+00  0.00000E+00
 3584  4.70000E+00  7.80000E+00  6.00000E+00  0.00000E+00  8.13415E-09  0.00000E+00  0.00000E+00  0.00000E+00  0.00000E+00
 3585  4.80000E+00  7.80000E+00  6.00000E+00  0.00000E+00  8.13415E-09  0.00000E+00  0.00000E+00  0.00000E+00  0.00000E+00
 3586  4.90000E+00  7.80000E+00  6.00000E+00  0.00000E+00  8.13415E-09  0.00000E+00  0.00000E+00  0.00000E+00  0.00000E+00
 3587  5.00000E+00  7.80000E+00  6.00000E+00  0.00000E+00  8.13415E-09  0.00000E+00  0.00000E+00  0.00000E+00  0.00000E+00
 3760  4.60000E+00  7.90000E+00  6.00000E+00  0.00000E+00  8.13415E-09  0.00000E+00  0.00000E+00  0.00000E+00  0.00000E+00
 3761  4.70000E+00  7.90000E+00  6.00000E+00  0.00000E+00  8.13415E-09  0.00000E+00  0.00000E+00  0.00000E+00  0.00000E+00
 3762  4.80000E+00  7.90000E+00  6.00000E+00  0.00000E+00  8.13415E-09  0.00000E+00  0.00000E+00  0.00000E+00  0.00000E+00
 3763  4.90000E+00  7.90000E+00  6.00000E+00  0.00000E+00  8.13415E-09  0.00000E+00  0.00000E+00  0.00000E+00  0.00000E+00
 3764  5.00000E+00  7.90000E+00  6.00000E+00  0.00000E+00  8.13415E-09  0.00000E+00  0.00000E+00  0.00000E+00  0.00000E+00
    -1
    -1
    55
  Untitled                                                                      
NODE N, COORDINATES X,Y,Z AND FORCES FX,FY,FZ,MX,MY,MZ
DATE AND TIME
EMPTY
LOAD CASE         :         4
         1         4         3         4         2         6
         2         1         4         4
  1.11529E-08
 2101  4.60000E+00  7.10000E+00  6.00000E+00  0.00000E+00  1.11529E-08  0.00000E+00  0.00000E+00  0.00000E+00  0.00000E+00
 2102  4.70000E+00  7.10000E+00  6.00000E+00  0.00000E+00  1.11529E-08  0.00000E+00  0.00000E+00  0.00000E+00  0.00000E+00
 2103  4.80000E+00  7.10000E+00  6.00000E+00  0.00000E+00  1.11529E-08  0.00000E+00  0.00000E+00  0.00000E+00  0.00000E+00
 2104  4.90000E+00  7.10000E+00  6.00000E+00  0.00000E+00  1.11529E-08  0.00000E+00  0.00000E+00  0.00000E+00  0.00000E+00
 2105  5.00000E+00  7.10000E+00  6.00000E+00  0.00000E+00  1.11529E-08  0.00000E+00  0.00000E+00  0.00000E+00  0.00000E+00
 2293  4.60000E+00  7.20000E+00  6.00000E+00  0.00000E+00  1.11529E-08  0.00000E+00  0.00000E+00  0.00000E+00  0.00000E+00
 2294  4.70000E+00  7.20000E+00  6.00000E+00  0.00000E+00  1.11529E-08  0.00000E+00  0.00000E+00  0.00000E+00  0.00000E+00
 2295  4.80000E+00  7.20000E+00  6.00000E+00  0.00000E+00  1.11529E-08  0.00000E+00  0.00000E+00  0.00000E+00  0.00000E+00
 2296  4.90000E+00  7.20000E+00  6.00000E+00  0.00000E+00  1.11529E-08  0.00000E+00  0.00000E+00  0.00000E+00  0.00000E+00
 2297  5.00000E+00  7.20000E+00  6.00000E+00  0.00000E+00  1.11529E-08  0.00000E+00  0.00000E+00  0.00000E+00  0.00000E+00
 2491  4.60000E+00  7.30000E+00  6.00000E+00  0.00000E+00  1.11529E-08  0.00000E+00  0.00000E+00  0.00000E+00  0.00000E+00
 2492  4.70000E+00  7.30000E+00  6.00000E+00  0.00000E+00  1.11529E-08  0.00000E+00  0.00000E+00  0.00000E+00  0.00000E+00
 2493  4.80000E+00  7.30000E+00  6.00000E+00  0.00000E+00  1.11529E-08  0.00000E+00  0.00000E+00  0.00000E+00  0.00000E+00
 2494  4.90000E+00  7.30000E+00  6.00000E+00  0.00000E+00  1.11529E-08  0.00000E+00  0.00000E+00  0.00000E+00  0.00000E+00
 2495  5.00000E+00  7.30000E+00  6.00000E+00  0.00000E+00  1.11529E-08  0.00000E+00  0.00000E+00  0.00000E+00  0.00000E+00
 2714  4.60000E+00  7.40000E+00  6.00000E+00  0.00000E+00  1.11529E-08  0.00000E+00  0.00000E+00  0.00000E+00  0.00000E+00
 2715  4.70000E+00  7.40000E+00  6.00000E+00  0.00000E+00  1.11529E-08  0.00000E+00  0.00000E+00  0.00000E+00  0.00000E+00
 2716  4.80000E+00  7.40000E+00  6.00000E+00  0.00000E+00  1.11529E-08  0.00000E+00  0.00000E+00  0.00000E+00  0.00000E+00
 2717  4.90000E+00  7.40000E+00  6.00000E+00  0.00000E+00  1.11529E-08  0.00000E+00  0.00000E+00  0.00000E+00  0.00000E+00
 2718  5.00000E+00  7.40000E+00  6.00000E+00  0.00000E+00  1.11529E-08  0.00000E+00  0.00000E+00  0.00000E+00  0.00000E+00
 3053  4.60000E+00  7.50000E+00  6.00000E+00  0.00000E+00  1.11529E-08  0.00000E+00  0.00000E+00  0.00000E+00  0.00000E+00
 3054  4.70000E+00  7.50000E+00  6.00000E+00  0.00000E+00  1.11529E-08  0.00000E+00  0.00000E+00  0.00000E+00  0.00000E+00
 3055  4.80000E+00  7.50000E+00  6.00000E+00  0.00000E+00  1.11529E-08  0.00000E+00  0.00000E+00  0.00000E+00  0.00000E+00
 3056  4.90000E+00  7.50000E+00  6.00000E+00  0.00000E+00  1.11529E-08  0.00000E+00  0.00000E+00  0.00000E+00  0.00000E+00
 3057  5.00000E+00  7.50000E+00  6.00000E+00  0.00000E+00  1.11529E-08  0.00000E+00  0.00000E+00  0.00000E+00  0.00000E+00
 3163  4.60000E+00  7.60000E+00  6.00000E+00  0.00000E+00  1.11529E-08  0.00000E+00  0.00000E+00  0.00000E+00  0.00000E+00
 3164  4.70000E+00  7.60000E+00  6.00000E+00  0.00000E+00  1.11529E-08  0.00000E+00  0.00000E+00  0.00000E+00  0.00000E+00
 3165  4.80000E+00  7.60000E+00  6.00000E+00  0.00000E+00  1.11529E-08  0.00000E+00  0.00000E+00  0.00000E+00  0.00000E+00
 3166  4.90000E+00  7.60000E+00  6.00000E+00  0.00000E+00  1.11529E-08  0.00000E+00  0.00000E+00  0.00000E+00  0.00000E+00
 3167  5.00000E+00  7.60000E+00  6.00000E+00  0.00000E+00  1.11529E-08  0.00000E+00  0.00000E+00  0.00000E+00  0.00000E+00
 3377  4.60000E+00  7.70000E+00  6.00000E+00  0.00000E+00  1.11529E-08  0.00000E+00  0.00000E+00  0.00000E+00  0.00000E+00
 3378  4.70000E+00  7.70000E+00  6.00000E+00  0.00000E+00  1.11529E-08  0.00000E+00  0.00000E+00  0.00000E+00  0.00000E+00
 3379  4.80000E+00  7.70000E+00  6.00000E+00  0.00000E+00  1.11529E-08  0.00000E+00  0.00000E+00  0.00000E+00  0.00000E+00
 3380  4.90000E+00  7.70000E+00  6.00000E+00  0.00000E+00  1.11529E-08  0.00000E+00  0.00000E+00  0.00000E+00  0.00000E+00
 3381  5.00000E+00  7.70000E+00  6.00000E+00  0.00000E+00  1.11529E-08  0.00000E+00  0.00000E+00  0.00000E+00  0.00000E+00
 3583  4.60000E+00  7.80000E+00  6.00000E+00  0.00000E+00  1.11529E-08  0.00000E+00  0.00000E+00  0.00000E+00  0.00000E+00
 3584  4.70000E+00  7.80000E+00  6.00000E+00  0.00000E+00  1.11529E-08  0.00000E+00  0.00000E+00  0.00000E+00  0.00000E+00
 3585  4.80000E+00  7.80000E+00  6.00000E+00  0.00000E+00  1.11529E-08  0.00000E+00  0.00000E+00  0.00000E+00  0.00000E+00
 3586  4.90000E+00  7.80000E+00  6.00000E+00  0.00000E+00  1.11529E-08  0.00000E+00  0.00000E+00  0.00000E+00  0.00000E+00
 3587  5.00000E+00  7.80000E+00  6.00000E+00  0.00000E+00  1.11529E-08  0.00000E+00  0.00000E+00  0.00000E+00  0.00000E+00
 3760  4.60000E+00  7.90000E+00  6.00000E+00  0.00000E+00  1.11529E-08  0.00000E+00  0.00000E+00  0.00000E+00  0.00000E+00
 3761  4.70000E+00  7.90000E+00  6.00000E+00  0.00000E+00  1.11529E-08  0.00000E+00  0.00000E+00  0.00000E+00  0.00000E+00
 3762  4.80000E+00  7.90000E+00  6.00000E+00  0.00000E+00  1.11529E-08  0.00000E+00  0.00000E+00  0.00000E+00  0.00000E+00
 3763  4.90000E+00  7.90000E+00  6.00000E+00  0.00000E+00  1.11529E-08  0.00000E+00  0.00000E+00  0.00000E+00  0.00000E+00
 3764  5.00000E+00  7.90000E+00  6.00000E+00  0.00000E+00  1.11529E-08  0.00000E+00  0.00000E+00  0.00000E+00  0.00000E+00
    -1
    -1
    55
  Untitled                                                                      
NODE N, COORDINATES X,Y,Z AND FORCES FX,FY,FZ,MX,MY,MZ
DATE AND TIME
EMPTY
LOAD CASE         :         5
         1         4         3         4         2         6
         2         1         5         5
 -1.65581E-07
 2101  4.60000E+00  7.10000E+00  6.00000E+00  0.00000E+00 -1.65581E-07  0.00000E+00  0.00000E+00  0.00000E+00  0.00000E+00
 2102  4.70000E+00  7.10000E+00  6.00000E+00  0.00000E+00 -1.65581E-07  0.00000E+00  0.00000E+00  0.00000E+00  0.00000E+00
 2103  4.80000E+00  7.10000E+00  6.00000E+00  0.00000E+00 -1.65581E-07  0.00000E+00  0.00000E+00  0.00000E+00  0.00000E+00
 2104  4.90000E+00  7.10000E+00  6.00000E+00  0.00000E+00 -1.65581E-07  0.00000E+00  0.00000E+00  0.00000E+00  0.00000E+00
 2105  5.00000E+00  7.10000E+00  6.00000E+00  0.00000E+00 -1.65581E-07  0.00000E+00  0.00000E+00  0.00000E+00  0.00000E+00
 2293  4.60000E+00  7.20000E+00  6.00000E+00  0.00000E+00 -1.65581E-07  0.00000E+00  0.00000E+00  0.00000E+00  0.00000E+00
 2294  4.70000E+00  7.20000E+00  6.00000E+00  0.00000E+00 -1.65581E-07  0.00000E+00  0.00000E+00  0.00000E+00  0.00000E+00
 2295  4.80000E+00  7.20000E+00  6.00000E+00  0.00000E+00 -1.65581E-07  0.00000E+00  0.00000E+00  0.00000E+00  0.00000E+00
 2296  4.90000E+00  7.20000E+00  6.00000E+00  0.00000E+00 -1.65581E-07  0.00000E+00  0.00000E+00  0.00000E+00  0.00000E+00
 2297  5.00000E+00  7.20000E+00  6.00000E+00  0.00000E+00 -1.65581E-07  0.00000E+00  0.00000E+00  0.00000E+00  0.00000E+00
 2491  4.60000E+00  7.30000E+00  6.00000E+00  0.00000E+00 -1.65581E-07  0.00000E+00  0.00000E+00  0.00000E+00  0.00000E+00
 2492  4.70000E+00  7.30000E+00  6.00000E+00  0.00000E+00 -1.65581E-07  0.00000E+00  0.00000E+00  0.00000E+00  0.00000E+00
 2493  4.80000E+00  7.30000E+00  6.00000E+00  0.00000E+00 -1.65581E-07  0.00000E+00  0.00000E+00  0.00000E+00  0.00000E+00
 2494  4.90000E+00  7.30000E+00  6.00000E+00  0.00000E+00 -1.65581E-07  0.00000E+00  0.00000E+00  0.00000E+00  0.00000E+00
 2495  5.00000E+00  7.30000E+00  6.00000E+00  0.00000E+00 -1.65581E-07  0.00000E+00  0.00000E+00  0.00000E+00  0.00000E+00
 2714  4.60000E+00  7.40000E+00  6.00000E+00  0.00000E+00 -1.65581E-07  0.00000E+00  0.00000E+00  0.00000E+00  0.00000E+00
 2715  4.70000E+00  7.40000E+00  6.00000E+00  0.00000E+00 -1.65581E-07  0.00000E+00  0.00000E+00  0.00000E+00  0.00000E+00
 2716  4.80000E+00  7.40000E+00  6.00000E+00  0.00000E+00 -1.65581E-07  0.00000E+00  0.00000E+00  0.00000E+00  0.00000E+00
 2717  4.90000E+00  7.40000E+00  6.00000E+00  0.00000E+00 -1.65581E-07  0.00000E+00  0.00000E+00  0.00000E+00  0.00000E+00
 2718  5.00000E+00  7.40000E+00  6.00000E+00  0.00000E+00 -1.65581E-07  0.00000E+00  0.00000E+00  0.00000E+00  0.00000E+00
 3053  4.60000E+00  7.50000E+00  6.00000E+00  0.00000E+00 -1.65581E-07  0.00000E+00  0.00000E+00  0.00000E+00  0.00000E+00
 3054  4.70000E+00  7.50000E+00  6.00000E+00  0.00000E+00 -1.65581E-07  0.00000E+00  0.00000E+00  0.00000E+00  0.00000E+00
 3055  4.80000E+00  7.50000E+00  6.00000E+00  0.00000E+00 -1.65581E-07  0.00000E+00  0.00000E+00  0.00000E+00  0.00000E+00
 3056  4.90000E+00  7.50000E+00  6.00000E+00  0.00000E+00 -1.65581E-07  0.00000E+00  0.00000E+00  0.00000E+00  0.00000E+00
 3057  5.00000E+00  7.50000E+00  6.00000E+00  0.00000E+00 -1.65581E-07  0.00000E+00  0.00000E+00  0.00000E+00  0.00000E+00
 3163  4.60000E+00  7.60000E+00  6.00000E+00  0.00000E+00 -1.65581E-07  0.00000E+00  0.00000E+00  0.00000E+00  0.00000E+00
 3164  4.70000E+00  7.60000E+00  6.00000E+00  0.00000E+00 -1.65581E-07  0.00000E+00  0.00000E+00  0.00000E+00  0.00000E+00
 3165  4.80000E+00  7.60000E+00  6.00000E+00  0.00000E+00 -1.65581E-07  0.00000E+00  0.00000E+00  0.00000E+00  0.00000E+00
 3166  4.90000E+00  7.60000E+00  6.00000E+00  0.00000E+00 -1.65581E-07  0.00000E+00  0.00000E+00  0.00000E+00  0.00000E+00
 3167  5.00000E+00  7.60000E+00  6.00000E+00  0.00000E+00 -1.65581E-07  0.00000E+00  0.00000E+00  0.00000E+00  0.00000E+00
 3377  4.60000E+00  7.70000E+00  6.00000E+00  0.00000E+00 -1.65581E-07  0.00000E+00  0.00000E+00  0.00000E+00  0.00000E+00
 3378  4.70000E+00  7.70000E+00  6.00000E+00  0.00000E+00 -1.65581E-07  0.00000E+00  0.00000E+00  0.00000E+00  0.00000E+00
 3379  4.80000E+00  7.70000E+00  6.00000E+00  0.00000E+00 -1.65581E-07  0.00000E+00  0.00000E+00  0.00000E+00  0.00000E+00
 3380  4.90000E+00  7.70000E+00  6.00000E+00  0.00000E+00 -1.65581E-07  0.00000E+00  0.00000E+00  0.00000E+00  0.00000E+00
 3381  5.00000E+00  7.70000E+00  6.00000E+00  0.00000E+00 -1.65581E-07  0.00000E+00  0.00000E+00  0.00000E+00  0.00000E+00
 3583  4.60000E+00  7.80000E+00  6.00000E+00  0.00000E+00 -1.65581E-07  0.00000E+00  0.00000E+00  0.00000E+00  0.00000E+00
 3584  4.70000E+00  7.80000E+00  6.00000E+00  0.00000E+00 -1.65581E-07  0.00000E+00  0.00000E+00  0.00000E+00  0.00000E+00
 3585  4.80000E+00  7.80000E+00  6.00000E+00  0.00000E+00 -1.65581E-07  0.00000E+00  0.00000E+00  0.00000E+00  0.00000E+00
 3586  4.90000E+00  7.80000E+00  6.00000E+00  0.00000E+00 -1.65581E-07  0.00000E+00  0.00000E+00  0.00000E+00  0.00000E+00
 3587  5.00000E+00  7.80000E+00  6.00000E+00  0.00000E+00 -1.65581E-07  0.00000E+00  0.00000E+00  0.00000E+00  0.00000E+00
 3760  4.60000E+00  7.90000E+00  6.00000E+00  0.00000E+00 -1.65581E-07  0.00000E+00  0.00000E+00  0.00000E+00  0.00000E+00
 3761  4.70000E+00  7.90000E+00  6.00000E+00  0.00000E+00 -1.65581E-07  0.00000E+00  0.00000E+00  0.00000E+00  0.00000E+00
 3762  4.80000E+00  7.90000E+00  6.00000E+00  0.00000E+00 -1.65581E-07  0.00000E+00  0.00000E+00  0.00000E+00  0.00000E+00
 3763  4.90000E+00  7.90000E+00  6.00000E+00  0.00000E+00 -1.65581E-07  0.00000E+00  0.00000E+00  0.00000E+00  0.00000E+00
 3764  5.00000E+00  7.90000E+00  6.00000E+00  0.00000E+00 -1.65581E-07  0.00000E+00  0.00000E+00  0.00000E+00  0.00000E+00
    -1
    -1
    55
  Untitled                                                                      
NODE N, COORDINATES X,Y,Z AND FORCES FX,FY,FZ,MX,MY,MZ
DATE AND TIME
EMPTY
LOAD CASE         :         6
         1         4         3         4         2         6
         2         1         6         6
 -8.79960E-07
 2101  4.60000E+00  7.10000E+00  6.00000E+00  0.00000E+00 -8.79960E-07  0.00000E+00  0.00000E+00  0.00000E+00  0.00000E+00
 2102  4.70000E+00  7.10000E+00  6.00000E+00  0.00000E+00 -8.79960E-07  0.00000E+00  0.00000E+00  0.00000E+00  0.00000E+00
 2103  4.80000E+00  7.10000E+00  6.00000E+00  0.00000E+00 -8.79960E-07  0.00000E+00  0.00000E+00  0.00000E+00  0.00000E+00
 2104  4.90000E+00  7.10000E+00  6.00000E+00  0.00000E+00 -8.79960E-07  0.00000E+00  0.00000E+00  0.00000E+00  0.00000E+00
 2105  5.00000E+00  7.10000E+00  6.00000E+00  0.00000E+00 -8.79960E-07  0.00000E+00  0.00000E+00  0.00000E+00  0.00000E+00
 2293  4.60000E+00  7.20000E+00  6.00000E+00  0.00000E+00 -8.79960E-07  0.00000E+00  0.00000E+00  0.00000E+00  0.00000E+00
 2294  4.70000E+00  7.20000E+00  6.00000E+00  0.00000E+00 -8.79960E-07  0.00000E+00  0.00000E+00  0.00000E+00  0.00000E+00
 2295  4.80000E+00  7.20000E+00  6.00000E+00  0.00000E+00 -8.79960E-07  0.00000E+00  0.00000E+00  0.00000E+00  0.00000E+00
 2296  4.90000E+00  7.20000E+00  6.00000E+00  0.00000E+00 -8.79960E-07  0.00000E+00  0.00000E+00  0.00000E+00  0.00000E+00
 2297  5.00000E+00  7.20000E+00  6.00000E+00  0.00000E+00 -8.79960E-07  0.00000E+00  0.00000E+00  0.00000E+00  0.00000E+00
 2491  4.60000E+00  7.30000E+00  6.00000E+00  0.00000E+00 -8.79960E-07  0.00000E+00  0.00000E+00  0.00000E+00  0.00000E+00
 2492  4.70000E+00  7.30000E+00  6.00000E+00  0.00000E+00 -8.79960E-07  0.00000E+00  0.00000E+00  0.00000E+00  0.00000E+00
 2493  4.80000E+00  7.30000E+00  6.00000E+00  0.00000E+00 -8.79960E-07  0.00000E+00  0.00000E+00  0.00000E+00  0.00000E+00
 2494  4.90000E+00  7.30000E+00  6.00000E+00  0.00000E+00 -8.79960E-07  0.00000E+00  0.00000E+00  0.00000E+00  0.00000E+00
 2495  5.00000E+00  7.30000E+00  6.00000E+00  0.00000E+00 -8.79960E-07  0.00000E+00  0.00000E+00  0.00000E+00  0.00000E+00
 2714  4.60000E+00  7.40000E+00  6.00000E+00  0.00000E+00 -8.79960E-07  0.00000E+00  0.00000E+00  0.00000E+00  0.00000E+00
 2715  4.70000E+00  7.40000E+00  6.00000E+00  0.00000E+00 -8.79960E-07  0.00000E+00  0.00000E+00  0.00000E+00  0.00000E+00
 2716  4.80000E+00  7.40000E+00  6.00000E+00  0.00000E+00 -8.79960E-07  0.00000E+00  0.00000E+00  0.00000E+00  0.00000E+00
 2717  4.90000E+00  7.40000E+00  6.00000E+00  0.00000E+00 -8.79960E-07  0.00000E+00  0.00000E+00  0.00000E+00  0.00000E+00
 2718  5.00000E+00  7.40000E+00  6.00000E+00  0.00000E+00 -8.79960E-07  0.00000E+00  0.00000E+00  0.00000E+00  0.00000E+00
 3053  4.60000E+00  7.50000E+00  6.00000E+00  0.00000E+00 -8.79960E-07  0.00000E+00  0.00000E+00  0.00000E+00  0.00000E+00
 3054  4.70000E+00  7.50000E+00  6.00000E+00  0.00000E+00 -8.79960E-07  0.00000E+00  0.00000E+00  0.00000E+00  0.00000E+00
 3055  4.80000E+00  7.50000E+00  6.00000E+00  0.00000E+00 -8.79960E-07  0.00000E+00  0.00000E+00  0.00000E+00  0.00000E+00
 3056  4.90000E+00  7.50000E+00  6.00000E+00  0.00000E+00 -8.79960E-07  0.00000E+00  0.00000E+00  0.00000E+00  0.00000E+00
 3057  5.00000E+00  7.50000E+00  6.00000E+00  0.00000E+00 -8.79960E-07  0.00000E+00  0.00000E+00  0.00000E+00  0.00000E+00
 3163  4.60000E+00  7.60000E+00  6.00000E+00  0.00000E+00 -8.79960E-07  0.00000E+00  0.00000E+00  0.00000E+00  0.00000E+00
 3164  4.70000E+00  7.60000E+00  6.00000E+00  0.00000E+00 -8.79960E-07  0.00000E+00  0.00000E+00  0.00000E+00  0.00000E+00
 3165  4.80000E+00  7.60000E+00  6.00000E+00  0.00000E+00 -8.79960E-07  0.00000E+00  0.00000E+00  0.00000E+00  0.00000E+00
 3166  4.90000E+00  7.60000E+00  6.00000E+00  0.00000E+00 -8.79960E-07  0.00000E+00  0.00000E+00  0.00000E+00  0.00000E+00
 3167  5.00000E+00  7.60000E+00  6.00000E+00  0.00000E+00 -8.79960E-07  0.00000E+00  0.00000E+00  0.00000E+00  0.00000E+00
 3377  4.60000E+00  7.70000E+00  6.00000E+00  0.00000E+00 -8.79960E-07  0.00000E+00  0.00000E+00  0.00000E+00  0.00000E+00
 3378  4.70000E+00  7.70000E+00  6.00000E+00  0.00000E+00 -8.79960E-07  0.00000E+00  0.00000E+00  0.00000E+00  0.00000E+00
 3379  4.80000E+00  7.70000E+00  6.00000E+00  0.00000E+00 -8.79960E-07  0.00000E+00  0.00000E+00  0.00000E+00  0.00000E+00
 3380  4.90000E+00  7.70000E+00  6.00000E+00  0.00000E+00 -8.79960E-07  0.00000E+00  0.00000E+00  0.00000E+00  0.00000E+00
 3381  5.00000E+00  7.70000E+00  6.00000E+00  0.00000E+00 -8.79960E-07  0.00000E+00  0.00000E+00  0.00000E+00  0.00000E+00
 3583  4.60000E+00  7.80000E+00  6.00000E+00  0.00000E+00 -8.79960E-07  0.00000E+00  0.00000E+00  0.00000E+00  0.00000E+00
 3584  4.70000E+00  7.80000E+00  6.00000E+00  0.00000E+00 -8.79960E-07  0.00000E+00  0.00000E+00  0.00000E+00  0.00000E+00
 3585  4.80000E+00  7.80000E+00  6.00000E+00  0.00000E+00 -8.79960E-07  0.00000E+00  0.00000E+00  0.00000E+00  0.00000E+00
 3586  4.90000E+00  7.80000E+00  6.00000E+00  0.00000E+00 -8.79960E-07  0.00000E+00  0.00000E+00  0.00000E+00  0.00000E+00
 3587  5.00000E+00  7.80000E+00  6.00000E+00  0.00000E+00 -8.79960E-07  0.00000E+00  0.00000E+00  0.00000E+00  0.00000E+00
 3760  4.60000E+00  7.90000E+00  6.00000E+00  0.00000E+00 -8.79960E-07  0.00000E+00  0.00000E+00  0.00000E+00  0.00000E+00
 3761  4.70000E+00  7.90000E+00  6.00000E+00  0.00000E+00 -8.79960E-07  0.00000E+00  0.00000E+00  0.00000E+00  0.00000E+00
 3762  4.80000E+00  7.90000E+00  6.00000E+00  0.00000E+00 -8.79960E-07  0.00000E+00  0.00000E+00  0.00000E+00  0.00000E+00
 3763  4.90000E+00  7.90000E+00  6.00000E+00  0.00000E+00 -8.79960E-07  0.00000E+00  0.00000E+00  0.00000E+00  0.00000E+00
 3764  5.00000E+00  7.90000E+00  6.00000E+00  0.00000E+00 -8.79960E-07  0.00000E+00  0.00000E+00  0.00000E+00  0.00000E+00
    -1
    -1
    55
  Untitled                                                                      
NODE N, COORDINATES X,Y,Z AND FORCES FX,FY,FZ,MX,MY,MZ
DATE AND TIME
EMPTY
LOAD CASE         :         7
         1         4         3         4         2         6
         2         1         7         7
  3.19743E-06
 2101  4.60000E+00  7.10000E+00  6.00000E+00  0.00000E+00  3.19743E-06  0.00000E+00  0.00000E+00  0.00000E+00  0.00000E+00
 2102  4.70000E+00  7.10000E+00  6.00000E+00  0.00000E+00  3.19743E-06  0.00000E+00  0.00000E+00  0.00000E+00  0.00000E+00
 2103  4.80000E+00  7.10000E+00  6.00000E+00  0.00000E+00  3.19743E-06  0.00000E+00  0.00000E+00  0.00000E+00  0.00000E+00
 2104  4.90000E+00  7.10000E+00  6.00000E+00  0.00000E+00  3.19743E-06  0.00000E+00  0.00000E+00  0.00000E+00  0.00000E+00
 2105  5.00000E+00  7.10000E+00  6.00000E+00  0.00000E+00  3.19743E-06  0.00000E+00  0.00000E+00  0.00000E+00  0.00000E+00
 2293  4.60000E+00  7.20000E+00  6.00000E+00  0.00000E+00  3.19743E-06  0.00000E+00  0.00000E+00  0.00000E+00  0.00000E+00
 2294  4.70000E+00  7.20000E+00  6.00000E+00  0.00000E+00  3.19743E-06  0.00000E+00  0.00000E+00  0.00000E+00  0.00000E+00
 2295  4.80000E+00  7.20000E+00  6.00000E+00  0.00000E+00  3.19743E-06  0.00000E+00  0.00000E+00  0.00000E+00  0.00000E+00
 2296  4.90000E+00  7.20000E+00  6.00000E+00  0.00000E+00  3.19743E-06  0.00000E+00  0.00000E+00  0.00000E+00  0.00000E+00
 2297  5.00000E+00  7.20000E+00  6.00000E+00  0.00000E+00  3.19743E-06  0.00000E+00  0.00000E+00  0.00000E+00  0.00000E+00
 2491  4.60000E+00  7.30000E+00  6.00000E+00  0.00000E+00  3.19743E-06  0.00000E+00  0.00000E+00  0.00000E+00  0.00000E+00
 2492  4.70000E+00  7.30000E+00  6.00000E+00  0.00000E+00  3.19743E-06  0.00000E+00  0.00000E+00  0.00000E+00  0.00000E+00
 2493  4.80000E+00  7.30000E+00  6.00000E+00  0.00000E+00  3.19743E-06  0.00000E+00  0.00000E+00  0.00000E+00  0.00000E+00
 2494  4.90000E+00  7.30000E+00  6.00000E+00  0.00000E+00  3.19743E-06  0.00000E+00  0.00000E+00  0.00000E+00  0.00000E+00
 2495  5.00000E+00  7.30000E+00  6.00000E+00  0.00000E+00  3.19743E-06  0.00000E+00  0.00000E+00  0.00000E+00  0.00000E+00
 2714  4.60000E+00  7.40000E+00  6.00000E+00  0.00000E+00  3.19743E-06  0.00000E+00  0.00000E+00  0.00000E+00  0.00000E+00
 2715  4.70000E+00  7.40000E+00  6.00000E+00  0.00000E+00  3.19743E-06  0.00000E+00  0.00000E+00  0.00000E+00  0.00000E+00
 2716  4.80000E+00  7.40000E+00  6.00000E+00  0.00000E+00  3.19743E-06  0.00000E+00  0.00000E+00  0.00000E+00  0.00000E+00
 2717  4.90000E+00  7.40000E+00  6.00000E+00  0.00000E+00  3.19743E-06  0.00000E+00  0.00000E+00  0.00000E+00  0.00000E+00
 2718  5.00000E+00  7.40000E+00  6.00000E+00  0.00000E+00  3.19743E-06  0.00000E+00  0.00000E+00  0.00000E+00  0.00000E+00
 3053  4.60000E+00  7.50000E+00  6.00000E+00  0.00000E+00  3.19743E-06  0.00000E+00  0.00000E+00  0.00000E+00  0.00000E+00
 3054  4.70000E+00  7.50000E+00  6.00000E+00  0.00000E+00  3.19743E-06  0.00000E+00  0.00000E+00  0.00000E+00  0.00000E+00
 3055  4.80000E+00  7.50000E+00  6.00000E+00  0.00000E+00  3.19743E-06  0.00000E+00  0.00000E+00  0.00000E+00  0.00000E+00
 3056  4.90000E+00  7.50000E+00  6.00000E+00  0.00000E+00  3.19743E-06  0.00000E+00  0.00000E+00  0.00000E+00  0.00000E+00
 3057  5.00000E+00  7.50000E+00  6.00000E+00  0.00000E+00  3.19743E-06  0.00000E+00  0.00000E+00  0.00000E+00  0.00000E+00
 3163  4.60000E+00  7.60000E+00  6.00000E+00  0.00000E+00  3.19743E-06  0.00000E+00  0.00000E+00  0.00000E+00  0.00000E+00
 3164  4.70000E+00  7.60000E+00  6.00000E+00  0.00000E+00  3.19743E-06  0.00000E+00  0.00000E+00  0.00000E+00  0.00000E+00
 3165  4.80000E+00  7.60000E+00  6.00000E+00  0.00000E+00  3.19743E-06  0.00000E+00  0.00000E+00  0.00000E+00  0.00000E+00
 3166  4.90000E+00  7.60000E+00  6.00000E+00  0.00000E+00  3.19743E-06  0.00000E+00  0.00000E+00  0.00000E+00  0.00000E+00
 3167  5.00000E+00  7.60000E+00  6.00000E+00  0.00000E+00  3.19743E-06  0.00000E+00  0.00000E+00  0.00000E+00  0.00000E+00
 3377  4.60000E+00  7.70000E+00  6.00000E+00  0.00000E+00  3.19743E-06  0.00000E+00  0.00000E+00  0.00000E+00  0.00000E+00
 3378  4.70000E+00  7.70000E+00  6.00000E+00  0.00000E+00  3.19743E-06  0.00000E+00  0.00000E+00  0.00000E+00  0.00000E+00
 3379  4.80000E+00  7.70000E+00  6.00000E+00  0.00000E+00  3.19743E-06  0.00000E+00  0.00000E+00  0.00000E+00  0.00000E+00
 3380  4.90000E+00  7.70000E+00  6.00000E+00  0.00000E+00  3.19743E-06  0.00000E+00  0.00000E+00  0.00000E+00  0.00000E+00
 3381  5.00000E+00  7.70000E+00  6.00000E+00  0.00000E+00  3.19743E-06  0.00000E+00  0.00000E+00  0.00000E+00  0.00000E+00
 3583  4.60000E+00  7.80000E+00  6.00000E+00  0.00000E+00  3.19743E-06  0.00000E+00  0.00000E+00  0.00000E+00  0.00000E+00
 3584  4.70000E+00  7.80000E+00  6.00000E+00  0.00000E+00  3.19743E-06  0.00000E+00  0.00000E+00  0.00000E+00  0.00000E+00
 3585  4.80000E+00  7.80000E+00  6.00000E+00  0.00000E+00  3.19743E-06  0.00000E+00  0.00000E+00  0.00000E+00  0.00000E+00
 3586  4.90000E+00  7.80000E+00  6.00000E+00  0.00000E+00  3.19743E-06  0.00000E+00  0.00000E+00  0.00000E+00  0.00000E+00
 3587  5.00000E+00  7.80000E+00  6.00000E+00  0.00000E+00  3.19743E-06  0.00000E+00  0.00000E+00  0.00000E+00  0.00000E+00
 3760  4.60000E+00  7.90000E+00  6.00000E+00  0.00000E+00  3.19743E-06  0.00000E+00  0.00000E+00  0.00000E+00  0.00000E+00
 3761  4.70000E+00  7.90000E+00  6.00000E+00  0.00000E+00  3.19743E-06  0.00000E+00  0.00000E+00  0.00000E+00  0.00000E+00
 3762  4.80000E+00  7.90000E+00  6.00000E+00  0.00000E+00  3.19743E-06  0.00000E+00  0.00000E+00  0.00000E+00  0.00000E+00
 3763  4.90000E+00  7.90000E+00  6.00000E+00  0.00000E+00  3.19743E-06  0.00000E+00  0.00000E+00  0.00000E+00  0.00000E+00
 3764  5.00000E+00  7.90000E+00  6.00000E+00  0.00000E+00  3.19743E-06  0.00000E+00  0.00000E+00  0.00000E+00  0.00000E+00
    -1
